9.014394485496624
10.17941944940018
10.200626523531687
10.261668459947186
10.159710283537578
10.160759917724734
9.871898731372303
10.305560921890821
10.314928459593077
10.623808351054162
10.231897125841174
9.461862250832926
10.162462056488126
8.75577775320731
10.200585802581
10.251276647115105
9.530899155813554
10.39123232595247
9.984705737722162
9.524339251156212
9.807553496033774
10.867346113757241
10.223400156964095
9.48809650544727
10.735055139438924
10.243339928746758
10.218510682851258
9.79335753964818
9.77986915307571
10.501913432265068
10.919396297094996
9.578427302533244
9.447619312502965
10.147236090835815
10.147133626317554
9.041806079098867
10.425848874633804
9.913359553262147
9.496995121772677
10.24181729609346
9.690291329227916
9.920962595593988
10.684655627190258
10.046138670456193
9.268363797137098
9.796886297276975
9.170547642292371
11.303501612835653
9.63072033633547
9.875275105855174
10.325178213907787
10.470676793559091
9.858936155935014
9.953161154844809
11.08714499813909
10.170218482116963
9.06818825580894
9.65086043798168
11.074078896965707
10.086785119568905
9.338688375244258
9.887279688941328
9.996395059489204
10.261511904723239
9.892206020052257
9.969112276606447
9.402829626224383
9.711799151123286
9.585256269347294
9.341510285365326
10.203443454468784
10.580251494554393
9.705689258770857
10.213265851030878
9.665080799705052
9.600672559767668
10.457576820067533
9.1986542265964
9.443396578911013
10.734989472127285
11.002893538922638
9.425679644214856
10.085812538766376
9.95393171339024
10.787066044966453
9.60469663581722
9.85627378586856
9.387958459918051
10.079947010492939
10.037735606820384
10.80681159375024
9.777787081043217
9.998286694624273
10.14960337821978
9.731592173710668
9.899887292900697
10.612357642140012
10.103928120455455
9.696036706552102
9.689097451116886
9.588383371792279
9.897489136734244
10.681922335341959
10.49779706568639
11.139638445729439
9.736757671936575
10.39200570043212
9.761086353859671
10.569057351454614
10.116496618397868
9.988952142323603
9.412874490421416
8.8905437631044
10.56795651725197
9.668883354884022
10.115016110905215
10.182406167666835
11.370518285769094
9.226123410031796
10.292778045284495
10.147169190144803
10.470046428823299
10.381707645193007
10.005980890868132
9.829269663052186
9.572771989822266
9.495658578446344
10.093507907816697
10.263593905258745
10.422936437409946
10.552541172407382
10.307761335572147
10.366022842031049
10.32167714340584
10.147367041245573
9.377713619130214
10.069107451531984
10.609425803585319
9.936089678012385
9.116591706067405
10.18120568464846
9.642360794598307
9.690634608817502
10.182671166661232
9.676305220908283
10.851529761856153
10.698865864929575
9.313395452542416
9.783228820124288
10.225322211526814
9.764301175128791
9.794902149588621
9.844392656578462
10.655789543383138
10.06648445377418
10.15946688653025
10.398969569116868
9.65525296440142
9.765322188396764
10.187297499638293
11.054131393565065
9.556008296549836
9.200661150968473
9.27346431033258
10.762233065479103
9.600065269649894
9.739972397004564
10.533424392443894
10.072618979641607
10.460522725147378
9.580514432492324
9.693822972709398
9.661536730251106
10.260666089966028
9.248864655152968
9.982319435372968
9.461464024216001
10.368916583311456
10.148815773768762
9.317879956030682
9.966249747036802
9.395229732659311
9.570927150086785
8.154123637010741
9.97905610265625
10.245907231220626
10.203652962670837
9.892633058059827
10.130463802656985
10.113782896844592
9.634776973851856
10.50081082165563
10.068225630262463
9.934106742818498
9.96164929116552
9.886276243405602
10.857247961465708
9.160887200192379
9.738414829558703
10.099353512781471
9.521830416200023
10.51738749923609
10.483219499689785
10.725274047574482
9.469977626115432
9.972085347893083
10.338769798534894
10.391635185336682
10.31829315276803
9.633433314330535
9.300393979531297
10.266668859455818
10.166209208147423
10.01893970159482
9.902194998935158
9.038973671825154
10.139444947331452
10.233368890174791
9.579666395432666
10.26327181784707
10.432181100554153
10.106708952183997
9.944899427462301
10.308176023606082
10.00942435616891
10.27264752704476
10.157494904031125
10.379973867815645
10.07742001425582
9.817401437443978
11.012309573222106
10.281962786995775
9.534839591590492
9.693213861614264
11.473667643979816
9.906404063412264
10.395266209760965
10.018744973228117
9.761733258862892
9.000387918560822
10.024643049540432
10.329975415357735
10.149166239694862
9.170593891455358
10.997028844901806
10.537947031074225
9.455393720078053
10.551006937485742
9.12232848095906
9.031685476493074
9.63455192355483
10.271564814572375
10.212199493357419
9.476211681250597
9.238030427059071
9.774647979820578
9.80363663494978
10.186211133799087
10.148272386803402
9.213744479530847
11.467686667624086
10.413842117245231
10.463628248881081
8.740989887892702
10.137668444379194
9.787563601988102
9.247933740319487
10.036991980495687
9.74681356790336
9.810644674607886
10.594982166677513
9.405631103721658
10.19311495108302
10.590325617165247
9.936503337868745
9.842866779076683
9.789914237004087
10.42970659443796
8.979056917168712
10.217173911389189
9.281864624786964
9.909318982764722
10.040088622895833
9.553541163204306
9.982689668543456
9.198405246021833
9.779875846412493
9.828930258267857
10.624172397596642
8.730982550931259
10.255238951316805
10.197468922874855
9.957700632265613
9.483134791968812
10.09443565236363
9.49188312965366
9.582729797964022
10.721206574204809
10.529042323907316
10.029539311857539
10.07850089645609
9.648662775618746
9.841730640624975
9.321887818499636
10.895844665563592
9.93779661792181
10.305288802372585
9.358263277563166
10.701657377287296
9.702009388338919
9.435046330875705
9.47511897832912
9.730989889316334
10.12398950123807
10.420585080583466
9.70138494539026
9.908484550368998
10.088931029810302
9.382671726550113
9.853173583441754
10.658164386218184
9.542018089335045
10.284904404043433
10.816511341500307
10.19074496018263
9.22223851726649
10.704830463411826
10.043246787452597
9.24882261197278
10.451787419099592
9.714296423509493
10.8522564253472
9.525068392891448
9.550800509952191
9.818607519894167
10.406541702477574
9.577678214407918
11.127871022309614
9.65289958200393
10.158094715321546
9.1288084375733
9.491222641043692
10.309687617739844
10.617511222532311
10.198270874558107
10.042553604373419
9.962326698803313
9.623070159552373
10.483627507798705
9.902765838453682
10.369492966470052
10.37549524802968
9.825064340387623
10.445172955923383
10.976644756396555
10.355864899954668
10.85845996675586
9.377814881006167
10.632217364938018
10.433306641883698
10.260055630506383
10.049872343400914
10.551431375095998
9.233642825808221
9.653669443603123
10.274363335340082
10.459512458459642
10.582269849561003
10.596933551232299
9.858530342519392
10.482295028049885
10.220395190527467
9.904620276365748
9.49925287697483
10.328081631315083
10.463268441595883
10.164894959474028
9.814825724995595
10.287720251689322
10.373088871152826
9.438334302447075
10.497319472625213
10.235512950235707
10.597858360656923
10.09809975497374
9.585350189093361
10.225679627492763
10.259519938023537
9.483116186053591
10.301133714703889
9.524605626795505
9.787765983669699
9.997891861366393
10.03734994510998
9.905075347122228
9.390070365274013
10.449378945703046
9.564366108964835
9.344690452901217
10.451873230890586
9.083529096799854
10.816759458248226
9.650195513330651
10.429166114454043
10.604912622289122
10.334593659833429
9.757868918354706
9.693240975517885
10.791249100720425
10.131565419741955
9.931548354849495
10.559746428440244
9.977055226235326
9.608844254686867
11.03188309793225
10.072145071714786
9.069753649565039
10.389858452698839
9.73404965658197
9.563114449728882
9.599517909406265
10.46314656164284
10.612085901685997
10.730510216994857
10.645947982139948
10.293381582375051
9.947940005287416
9.99571097205498
10.570840489954268
10.112226415199968
9.579301108423588
9.78471201215989
9.655964051487018
10.102350415556252
9.44190527449249
9.130805307334663
9.625761976424968
9.919836473586425
10.05380309803435
9.493449281997345
9.717666230257466
9.845173537663984
10.838960750026406
10.013556066768066
10.126130068054337
9.86903261393044
11.232855068725787
9.66495093429576
10.614916094315369
9.540808509459836
9.468291488292495
9.977297079281945
9.92260086418569
9.791145702170894
10.016916979535832
10.816963267609344
10.014267101403043
9.830435924066025
9.544484929292132
10.516045167995603
9.376239306168793
9.550181897941325
10.200038836579967
10.374824410850653
9.979830122580777
9.866191502762378
10.545734666674662
9.772147442281657
9.381071367339413
9.105804591049628
9.115446001314627
11.163459529502745
9.482235233503602
9.90273059302611
9.502247063040715
9.897714641584734
10.164434438527373
9.432757417411443
11.29941364202435
10.467732679466213
9.587626037981822
10.221382483417932
8.906452992575254
9.906099418321457
9.822692440274647
10.70362177174954
9.421516108390081
11.082416889673006
10.498824304353304
10.5898804068571
10.536936983084662
10.467065212293623
9.811814668062391
10.1985230475016
11.063738022586236
9.810444934468032
9.663628365813173
9.733450750594915
10.0276845569909
10.175379889516071
9.577884980752646
11.089049694403606
9.308730480221534
10.343520972485228
9.368515511326386
9.428109442440773
9.060826550239849
9.76264437566157
9.912138667354085
9.696478371780048
9.50300511745379
11.218365331120719
9.169535337661852
10.96726203911712
9.759963256971368
10.478336317073367
10.989940256289076
9.87806426989159
9.981568081701624
9.401089488676185
9.132330979900168
10.367414652038503
10.173155033304873
10.549799825436414
10.333995395393524
9.976295439033253
9.716515518638474
9.485037668770937
10.160497791843817
9.561765639969424
10.75768370878145
9.688493436043123
10.23641941889657
9.606659596333419
10.581041810248093
9.331499558506492
8.597294962907029
9.947259193750396
9.232842755800927
9.681764383057356
10.35018365734482
9.388843324945613
10.736514313018144
10.208349364567525
9.593548759787472
10.075114624955722
10.396798998257823
10.816550265017742
9.99786383375729
9.551112136071461
9.809996776858387
9.97894409303927
9.771504235045743
9.921861686623423
10.68259199564534
9.984613216234463
10.304643751450026
9.573089938809169
10.097362795017995
10.093772958849296
10.085518158974548
9.432648705972385
10.076981049985893
9.894527003162557
9.337249962826792
9.21273930261593
9.669643718896678
9.542825894436266
9.592222455868601
10.390994662732453
10.374899924116333
9.290389165067644
9.582453167079647
9.810945461584982
9.814510927767461
10.196224905893862
9.938201843540579
9.450928142836485
9.57080740495618
10.342484245965817
10.619178475189038
9.533426785039625
9.783855678744821
10.357402705660364
9.783255921969882
9.78468146059583
10.679323282792605
10.019053709526391
10.023098131849874
9.144366765064394
9.66325923507897
10.061243313480743
10.944167407831506
9.511823154062524
9.584315165646322
10.403219621904196
10.581908568797568
10.620328586880635
8.814537249567916
10.313658009791533
10.464810302246878
9.633205749008946
9.914048796716415
9.850711403709385
9.610530890157067
9.87289233140188
9.816107311099039
8.723936166699009
9.98124855585483
10.27055202669176
9.356125804595914
10.503629986448672
9.367879627247362
8.910948541932955
8.9425237942764
9.553643125760546
10.610400032243383
10.667801382231943
9.95105131350706
8.88347283697967
9.822330216697013
9.55131676041447
9.269903791715073
10.729531884589408
10.127643399519268
10.93754100342836
9.928384067154798
10.483465478831892
9.790947645393684
9.99970495092293
11.1068253215641
10.185735042881836
9.745772913935632
9.872848342688915
10.458757998360442
10.175066507472852
9.434247819936099
10.399193311041959
9.932774014467283
10.90305359215307
9.226283454436249
10.199673050055264
9.56749114365557
9.276756330428332
9.823480029381056
9.754336228039131
9.601967169046619
9.329512770799145
9.930033680670782
9.587528525859536
11.05902419668678
9.115013052806916
10.671711908559637
8.941367990219765
10.557980423924633
9.660074803797718
9.19543443903501
9.536561443047432
10.463788944935025
10.88574493865931
11.116688869087918
10.411593702525664
10.649029772195517
9.253040245369979
9.95646939959728
9.591940654674291
10.780216078767971
10.236938881330685
9.683633338537167
9.788838209374157
9.314030491311101
10.101694234521169
10.321889780624781
9.678367343574003
9.724666780922913
10.620692206577967
10.342551378420952
10.148543283200304
9.721417464360131
10.591530588021143
10.82051614071275
8.940676076095771
10.003322352876353
10.448099372657865
10.775910297090105
10.283612853354098
10.327468810758317
9.974324334724677
9.80858997425662
9.772840506972695
10.439925636884272
9.28691887281741
9.54572470014866
10.332743611761604
9.834671292066597
9.846976255561257
10.014290542060138
10.956989422202433
10.249539951884358
10.762412238836577
10.693735027524045
9.964228153015892
10.087598352408234
9.764215230653699
10.400682447761938
9.412104978812685
9.811082097224814
9.992519737047749
9.64908123084928
9.651501875591089
10.375639936130566
10.512856458239735
10.31163974858483
9.874150471876247
10.497283876725074
10.009793641134976
9.853972245606847
9.633701712995158
9.150122216998746
9.7841407967707
10.122255993969155
9.606290737551888
8.847594381239299
10.012360638405246
10.156450222097668
9.60737472105571
9.966921006708167
10.191079293443032
10.48619590783932
9.710796415085278
10.777916716888534
10.634595600615715
10.379885327839347
10.428283206408643
9.554780686736347
10.786198813679524
9.554442796556373
10.139500247323806
9.642141208300883
9.979904185027884
9.361622010619861
10.135685866193983
9.501445426202093
11.399554881467173
10.39482515241864
10.207898184382334
9.091961270050303
9.623737144805908
9.29036119888485
10.812197146943102
9.471061248426604
9.966777716505115
9.82439187082369
10.608486658128315
9.96878383645143
10.15014958140954
10.295465513613063
10.559992811405264
10.128960183400876
10.69487659418368
9.7651765542689
10.322275211032512
9.691371783507725
9.918226291787487
10.740575380155182
10.111900219857013
10.607948384712477
10.426622777566735
9.686524005683113
10.18324721212585
10.11723382075355
10.399334628729529
10.192089610841888
10.183411252872203
9.198213616631836
8.405984727587033
9.844309492347408
10.545583876131436
9.813800242301436
10.086197791228976
10.030828596297274
9.682064980656662
9.84809931173664
10.304341937174712
11.043978926518779
10.312784043625703
10.870483915010182
10.605206455399758
10.109238597130409
9.07472322453614
10.452396223493844
9.588647259293728
10.315837392697178
11.109956477127628
9.720190087245914
9.473391484607026
9.819252723565233
10.005135093688656
10.012081105332726
9.73860780988111
10.296932430175533
11.008753396345366
9.755308630776856
9.75568693830438
10.497539243883605
10.42839699388444
9.962525444428952
10.432516699195444
9.47456020836531
9.493739601582798
9.433915475791927
9.614383744980284
9.551432449364123
9.43359241241275
9.477945035744904
10.346588660292214
9.717082224939926
9.81220628155861
10.064392141584552
10.939743225728332
9.882658071072346
9.445616213959335
9.987449805620003
10.065924341795025
10.430753597686852
9.81561482538424
9.349594913500734
10.389019848189076
10.09991947839827
9.549454919598965
9.027414384507543
10.265333867746891
10.2048574743456
9.210394576378395
10.135099028352935
9.872262427415691
9.732504567761465
9.86946013646577
9.603788885633286
10.10250601987295
10.622794170096606
9.274801267804882
10.844570380022565
9.93729060600967
11.085381269286138
9.167177083107738
10.473150700916621
10.807630156783596
10.156345992144226
9.853212296205374
9.992224344556936
10.106273417621242
10.639154056577368
10.046573557891016
10.10190373212711
9.415459278009497
10.011992532509106
10.879583074477265
9.513414135651635
10.091623917495443
9.982470861487766
9.477252179099912
9.786498626422656
10.431051182385763
9.989876946749645
10.604754503416146
9.761684823533566
9.617979625228811
10.334942886473344
10.109866702563721
10.201682890269547
10.773262956354813
10.105192259460011
9.82473838755019
10.62280837216755
9.682191147243834
10.009993524755652
9.68924571495462
9.629014250376231
9.430907200635087
9.53513672405645
9.865091223748207
10.71509561781743
9.23232946951141
9.624519228883553
9.496531400116448
9.563865373346436
10.08137782153805
9.555628257125191
10.237253846561332
9.794254277168173
10.097208716539154
9.209275356670217
10.22613066388999
9.576203680777033
9.179878572489383
10.270162616051511
9.897596964960806
9.34471312323561
10.06890998104664
10.269256552506038
10.786454082024465
10.749111454789743
10.226857812006099
10.159254118013425
10.75917275281472
10.185939052324409
10.32240483071733
9.164429098201794
10.665082926759371
9.759037559388123
9.783222683725144
11.033365133989195
9.137892526426851
10.107193218292824
10.25191091377216
9.881436292646255
9.786572692716733
9.788482722881099
9.571060820981206
9.978412121242224
8.955822509611476
9.627736921589044
9.961356222154441
10.025766263962584
9.700487158029238
9.970122320357818
8.816260668662249
9.634758371104033
10.02595799546341
10.05674044908677
10.114918919116803
10.159785043098548
9.455527470449844
9.969091427027468
9.923745518876638
9.654280331972593
10.410434201764433
10.098074167973135
10.79876500754072
10.298470775362787
9.79249646951549
9.824223247256887
10.792102131035952
9.899217500296647
10.557115436716693
9.977376707302932
9.75527322884418
9.772689551443252
9.957234067865429
10.127403635159173
10.243682525769776
10.696119814613462
10.239603423924226
9.726451007022781
10.004396997459622
11.213197354008686
9.5260671746296
10.264596556223452
10.618851294950577
9.449352101330046
9.455722392975025
9.880916277300203
10.007562560563404
10.939721911091025
10.310333518464642
10.455099330831638
10.844745959933505
10.071900407743025
10.670429997680948
9.847474189310018
10.403299418847054
10.623386757147212
9.393093610333045
9.4291049617977
10.211485772347483
9.99661664090743
10.861522872928736
9.787278367682143
10.205865796826705
11.027538180492297
10.100046642377588
10.4344492251154
10.189586507977372
9.719824611323624
9.540763778604996
10.047735610190271
10.339887681762951
10.365977831076732
10.009907702909937
9.77633287942128
9.375600240008502
10.937478069277885
10.368569118022263
10.042944746531953
9.699623803983057
9.246818699441487
10.123130142830876
10.629789546810654
10.167562443093132
